1 21
1 11
1 11
1 15
1 21
1 21
1 10
1 4
1 17
1 24
2 10
2 3
2 5
2 18
2 9
2 20
2 12
2 10
3 7
3 24
3 15
3 6
3 4
3 3
3 7
3 25
3 25
4 4
4 18
4 24
4 18
4 15
4 19
5 12
5 5
5 6
5 4
5 22
5 7
6 4
6 3
6 10
6 25
6 14
6 11
6 12
6 9
6 20
6 4
7 23
7 18
7 25
7 23
7 16
7 4
7 17
7 19
7 8
8 1
8 7
8 9
8 15
8 15
8 21
8 11
8 24
8 23
8 20
8 13
9 1
9 14
9 2
9 5
9 3
9 11
10 5
10 20
10 6
10 5
10 24
10 22
10 7
10 22
10 4
10 8
10 13
11 23
11 3
11 6
11 20
11 21
11 8
11 5
12 14
12 12
12 16
12 24
12 13
12 1
12 15
12 3
12 20
13 19
13 19
13 8
13 21
13 17
13 20
13 9
13 3
14 10
14 18
14 7
14 3
14 5
14 18
14 18
14 24
15 19
15 18
15 17
15 17
15 12
15 19
15 4
15 4
15 2
15 12
15 15
15 1
16 24
16 1
16 4
16 24
16 16
16 18
16 4
16 3
16 9
16 25
16 24
16 9
16 16
17 8
17 24
17 7
17 9
17 4
17 13
17 19
17 2
17 2
17 1
17 25
18 15
18 8
18 11
18 22
18 6
18 6
18 1
18 8
18 15
18 10
18 23
19 11
19 21
19 11
19 20
19 12
19 22
19 20
19 3
19 22
19 8
19 12
20 21
20 9
20 6
20 19
20 17
20 15
20 23
20 20
20 15
20 3
20 10
20 4
21 13
21 16
21 2
21 15
21 22
22 5
22 1
22 21
22 12
22 19
22 10
22 7
22 12
23 7
23 15
23 6
23 9
23 25
23 24
23 20
23 3
24 18
24 12
24 16
24 24
24 6
24 23
24 11
24 13
24 9
25 16
25 24
25 15
25 12
25 22
25 20
25 25
25 15
25 5
25 12
25 16
25 23
25 17
25 2
25 8
26 24
26 2
26 14
26 19
26 6
26 7
26 11
26 1
26 11
27 1
27 9
27 22
27 9
27 18
27 23
27 15
27 8
28 7
28 22
28 6
28 3
28 24
28 9
28 19
29 3
29 14
29 6
29 1
29 19
29 10
29 1
30 24
30 16
30 14
30 1
30 18
30 25
30 4
31 23
31 14
31 15
31 22
31 13
31 10
31 22
31 11
31 3
31 8
31 20
31 13
31 18
32 22
32 25
32 21
32 8
32 24
32 12
32 17
32 9
32 11
32 11
32 15
32 3
32 24
33 12
33 23
33 18
33 7
33 14
33 24
33 9
33 25
33 17
33 24
33 19
33 9
33 7
33 20
33 19
34 7
34 14
34 12
34 10
34 21
34 22
34 4
34 16
34 17
35 23
35 2
35 2
35 7
35 5
35 8
35 15
35 14
35 21
35 16
35 6
35 5
35 11
35 22
35 6
35 25
35 5
36 8
36 21
36 3
36 16
36 15
36 5
36 15
36 7
36 14
36 5
36 4
36 11
36 17
36 18
36 14
37 21
37 2
37 16
37 2
37 5
37 3
37 17
37 2
38 25
38 15
38 9
38 22
38 18
38 18
38 5
38 6
38 11
39 3
39 7
39 16
39 8
39 3
39 16
39 5
40 14
40 5
40 3
40 25
40 9
40 9
40 1
40 9
41 8
41 2
41 24
41 16
41 11
41 24
42 22
42 13
42 21
42 12
42 24
42 23
42 24
42 4
42 19
42 7
42 25
42 15
42 18
43 14
43 23
43 21
43 25
43 11
43 6
43 25
43 4
43 19
43 1
43 18
43 18
44 4
44 25
44 12
44 14
45 5
45 4
45 22
45 7
46 5
46 10
46 17
46 18
46 16
46 3
46 3
46 20
46 3
46 21
46 6
46 20
46 11
46 8
46 18
47 18
47 20
47 16
47 14
47 14
47 3
47 6
47 19
47 9
47 19
47 13
47 22
47 14
47 8
47 6
47 6
47 16
47 17
48 13
48 11
48 4
48 17
48 19
48 4
48 3
48 16
48 12
48 15
49 4
49 17
49 9
49 1
49 17
49 20
49 8
49 6
49 22
49 25
49 4
49 1
49 14
50 6
50 21
50 8
50 1
50 23
50 17
50 1
50 10
50 11
50 10
51 24
51 22
51 10
51 1
51 2
51 18
51 23
51 4
51 6
51 15
51 3
51 8
52 6
52 5
52 3
52 6
52 12
52 3
52 21
52 22
52 24
52 3
53 5
53 9
53 4
53 22
53 22
53 17
53 12
53 9
53 20
53 1
53 2
53 5
53 5
54 15
54 18
54 6
54 7
54 7
54 12
54 11
54 13
54 9
54 19
54 7
54 1
55 23
55 17
55 4
55 6
55 6
55 11
55 2
55 6
56 10
56 11
56 21
56 22
56 9
56 15
56 11
56 1
57 1
57 1
57 11
57 9
57 12
57 22
57 20
57 24
57 6
57 9
57 7
57 17
58 10
58 23
58 1
58 3
58 7
58 21
58 18
59 13
59 19
59 20
59 15
59 4
59 4
59 17
59 21
59 14
59 11
59 23
59 19
59 25
59 23
60 11
60 7
60 15
60 13
60 20
60 7
61 18
61 5
61 1
61 21
61 9
61 16
61 5
61 23
61 3
61 6
61 14
61 3
61 10
62 6
62 7
62 14
62 19
62 7
62 2
62 15
62 9
62 7
62 21
62 15
62 11
62 4
62 24
62 1
63 2
63 20
63 13
63 5
63 21
63 4
63 10
63 20
63 14
63 18
64 10
64 17
64 18
64 17
64 12
64 20
64 22
64 12
64 20
64 16
64 25
65 12
65 17
65 10
65 25
65 19
65 13
65 24
65 12
65 7
65 24
65 23
65 3
66 18
66 23
66 12
66 12
66 24
66 24
66 12
67 13
67 16
67 23
67 9
67 14
67 19
67 8
67 4
67 19
67 22
67 15
68 14
68 25
68 20
68 10
68 13
68 25
68 7
68 22
68 22
69 8
69 21
69 4
69 12
69 18
69 5
69 22
69 17
69 24
69 14
69 13
69 18
69 22
70 22
70 22
70 12
70 19
70 14
70 3
70 12
70 7
70 9
70 23
71 4
71 1
71 24
71 5
71 14
71 25
71 1
71 24
71 3
71 25
71 3
71 20
72 11
72 2
72 23
72 2
72 17
72 15
72 6
72 14
72 9
72 10
73 23
73 8
73 20
73 5
73 23
73 14
73 12
73 15
73 20
73 9
73 9
73 20
73 8
74 7
74 16
74 13
74 12
74 10
74 17
74 19
74 12
74 15
74 1
74 22
75 17
75 22
75 4
75 7
75 16
75 4
75 14
75 21
75 20
75 17
76 18
76 3
76 2
76 2
76 7
76 4
76 9
76 22
76 24
76 2
77 6
77 11
77 8
77 23
77 6
77 25
78 22
78 25
78 2
78 21
78 20
79 19
79 19
79 4
79 20
79 3
79 14
79 13
79 15
79 17
79 1
79 5
79 10
79 22
80 3
80 19
80 10
80 13
80 15
80 18
80 18
81 9
81 15
81 3
81 12
81 19
81 3
81 12
81 1
82 14
82 25
82 20
82 24
82 2
82 10
82 10
82 1
82 24
82 10
83 19
83 3
83 11
83 19
83 6
83 6
83 14
84 18
84 19
84 8
84 22
84 2
84 10
84 8
84 14
84 9
84 14
84 21
85 12
85 8
85 23
85 11
85 12
85 19
85 12
85 7
85 21
85 25
85 5
86 3
86 25
86 17
86 4
86 18
86 16
86 11
86 19
86 5
87 22
87 10
87 20
87 23
88 12
88 19
88 9
88 19
88 21
88 16
88 14
88 4
88 21
88 20
88 10
88 23
88 9
88 4
89 16
89 8
89 6
89 5
89 25
89 14
89 19
89 15
90 6
90 20
90 10
90 4
90 5
90 20
91 1
91 8
91 15
91 15
91 20
91 24
91 8
91 22
91 11
92 4
92 16
92 16
92 19
92 6
92 20
92 9
92 11
92 1
92 21
92 15
93 18
93 18
93 19
93 12
93 20
93 19
93 13
93 15
93 18
93 4
93 7
93 8
93 8
93 22
94 25
94 13
94 17
94 9
94 23
94 15
94 5
94 2
94 10
94 15
94 11
94 17
95 2
95 20
95 8
95 12
96 5
96 6
96 14
96 21
96 22
96 5
96 5
96 5
96 7
96 23
96 18
96 16
97 11
97 21
97 20
97 10
97 14
97 12
97 17
97 6
97 2
97 14
98 10
98 14
98 6
98 1
98 23
98 10
98 7
98 2
98 19
98 1
98 10
99 17
99 24
99 12
99 15
99 2
99 20
99 13
99 15
99 20
99 15
99 4
99 9
99 5
100 7
100 15
100 25
100 14
100 21
100 17
100 9
100 3
101 7
101 24
101 20
101 8
101 3
101 15
101 24
101 13
101 1
101 17
101 25
101 10
102 22
102 9
102 4
102 12
102 1
102 1
102 3
102 19
102 14
102 20
102 24
102 17
102 12
103 20
103 25
103 11
103 11
103 25
103 8
103 19
103 25
103 5
104 14
104 11
104 2
104 18
104 16
104 25
104 8
104 13
104 10
104 21
105 24
105 23
105 21
105 8
105 16
105 13
106 7
106 7
106 15
106 18
106 9
106 5
106 4
106 11
106 22
106 7
106 12
107 4
107 15
107 22
107 18
107 6
107 11
108 22
108 21
108 18
108 21
108 6
108 23
109 16
109 25
109 12
109 10
109 15
109 4
109 12
109 12
109 16
109 22
110 23
110 1
110 16
110 22
110 24
110 3
110 19
110 11
110 8
110 19
110 18
110 18
110 6
110 13
110 1
110 23
110 15
111 7
111 15
111 10
111 15
111 5
112 2
112 20
112 6
112 14
112 17
112 12
112 4
112 14
112 4
112 22
112 16
112 19
112 18
112 2
112 18
112 11
113 4
113 22
113 1
113 22
113 24
113 7
113 6
113 12
113 1
113 21
114 20
114 24
114 8
114 23
114 15
114 11
114 19
114 19
114 6
114 5
115 24
115 12
115 11
115 16
115 9
115 10
115 5
115 20
115 19
115 19
115 21
115 23
115 16
115 5
115 13
116 10
116 5
116 23
116 5
116 16
116 2
116 5
116 24
116 13
116 5
117 18
117 8
117 22
117 17
117 6
117 3
117 20
117 1
117 19
117 8
117 4
117 2
117 11
118 1
118 19
118 2
118 20
118 9
118 8
118 14
118 1
119 17
119 22
119 24
119 17
119 13
119 2
119 20
119 1
119 16
119 20
119 5
119 7
119 7
119 23
119 15
120 20
120 3
120 6
120 21
120 18
120 24
120 20
120 24
120 15
121 23
121 15
121 11
121 1
121 3
121 23
121 15
121 20
121 5
122 10
122 7
122 22
122 20
122 6
122 14
122 5
122 1
122 4
122 3
122 22
123 12
123 9
123 15
123 21
123 7
123 23
123 21
123 16
123 21
123 8
123 12
124 13
124 16
124 14
124 19
124 2
124 13
124 8
124 9
124 21
124 25
125 16
125 25
125 22
125 11
125 23
125 2
125 1
125 15
125 10
125 15
125 9
125 6
125 7
125 8
126 20
126 4
126 7
126 5
126 5
126 13
126 12
126 25
126 22
126 23
126 5
127 18
127 10
127 1
127 13
127 18
127 2
128 1
128 14
128 25
128 4
128 9
128 18
128 9
128 1
128 15
128 20
128 5
128 2
129 1
129 16
129 21
129 18
129 22
129 13
129 16
129 20
129 1
129 19
129 4
129 16
130 23
130 25
130 16
130 14
130 10
130 23
130 18
130 2
130 2
130 24
130 18
130 9
130 13
131 14
131 18
131 10
131 21
131 24
131 7
131 16
131 4
132 8
132 22
132 15
132 15
132 13
132 7
132 12
132 15
132 13
132 12
132 14
133 2
133 3
133 20
133 21
133 17
133 6
133 21
133 19
133 18
133 1
133 3
134 14
134 18
134 21
134 16
134 10
134 15
134 5
134 1
134 2
134 11
135 1
135 8
135 20
135 13
135 21
135 14
135 24
136 25
136 8
136 17
136 20
136 7
136 10
136 11
137 11
137 19
137 4
137 14
137 25
137 16
137 9
137 19
137 6
137 24
137 14
137 5
137 18
138 12
138 25
138 19
138 6
138 14
138 22
138 1
138 2
138 14
138 7
138 5
139 7
139 16
139 15
139 1
139 14
139 19
139 5
139 13
140 25
140 15
140 6
140 7
140 21
140 22
140 12
140 8
140 4
140 23
140 21
140 7
140 19
141 19
141 21
141 7
141 19
141 22
142 1
142 19
142 17
142 7
142 24
142 24
142 10
142 2
143 1
143 2
143 16
143 1
143 15
143 3
143 25
143 22
143 22
143 4
143 7
143 8
143 20
144 15
144 24
144 3
144 21
144 14
144 11
144 6
144 12
144 9
144 11
145 2
145 14
145 15
145 6
145 19
145 7
145 19
145 9
145 23
145 11
145 9
145 9
145 18
145 1
145 16
145 6
146 11
146 20
146 15
146 22
146 21
146 20
146 20
146 22
146 15
147 16
147 13
147 14
147 22
147 22
147 3
147 20
147 14
147 21
147 10
147 19
148 25
148 25
148 8
148 2
148 23
148 3
148 8
148 7
148 3
148 8
148 15
148 15
148 8
148 11
149 14
149 21
149 4
149 14
149 14
149 9
150 10
150 14
150 4
150 7
150 9
150 1
150 2
150 22
150 5
150 18
150 9
150 17
151 12
151 16
151 4
151 4
151 9
151 25
151 2
151 14
151 25
151 19
151 16
151 18
151 1
152 9
152 2
152 20
152 3
152 17
152 25
152 16
152 23
153 23
153 4
153 24
153 22
153 12
153 13
153 20
153 18
153 8
153 11
154 11
154 21
154 11
154 5
154 10
154 10
154 13
154 9
154 10
154 25
154 9
154 12
155 12
155 20
155 16
155 9
155 22
155 7
155 16
155 2
155 8
156 24
156 5
156 23
156 1
156 4
156 21
156 17
156 14
156 15
156 21
156 22
156 20
156 16
157 12
157 17
157 17
157 6
157 22
157 11
157 16
157 22
157 17
157 7
158 9
158 1
158 11
158 25
158 19
158 22
158 13
158 11
158 20
158 16
159 24
159 7
159 18
159 10
159 5
159 4
159 15
159 19
159 7
159 21
159 8
159 6
160 10
160 14
160 5
160 25
160 15
160 20
160 13
160 24
161 1
161 19
161 22
161 22
161 5
161 3
161 11
161 6
162 12
162 11
162 3
162 10
162 19
162 10
162 5
162 6
162 24
162 7
162 2
162 5
162 21
162 15
162 3
163 23
163 3
163 22
163 14
163 9
163 21
163 19
163 14
163 13
163 6
163 10
163 13
164 24
164 1
164 8
164 11
164 10
164 24
164 4
164 8
164 22
165 15
165 19
165 7
165 10
165 7
165 8
165 12
166 24
166 13
166 5
166 8
166 12
166 4
166 15
166 21
167 4
167 15
167 11
167 24
167 22
167 1
167 19
167 24
167 22
167 16
167 14
167 24
168 9
168 7
168 5
168 8
168 8
168 1
169 6
169 6
169 19
169 10
169 14
169 2
169 23
170 9
170 6
170 3
170 1
170 7
170 12
170 10
171 1
171 10
171 9
171 11
171 25
171 20
171 16
171 15
171 1
171 6
171 6
172 9
172 11
172 5
172 7
172 5
172 18
172 7
172 13
173 21
173 19
173 23
173 11
173 9
173 11
173 16
173 14
173 1
173 12
173 18
173 18
173 10
173 5
173 11
174 21
174 6
174 7
174 25
174 8
174 25
174 11
174 7
174 10
175 16
175 11
175 2
175 15
175 11
175 21
175 10
175 18
175 2
175 9
175 3
175 18
176 9
176 20
176 2
176 8
176 22
176 24
176 5
176 9
176 11
176 10
176 24
176 7
176 2
177 2
177 19
177 3
177 18
177 23
177 6
177 3
177 2
177 11
177 5
178 5
178 10
178 12
178 11
178 4
178 14
178 22
178 8
179 4
179 20
179 14
179 8
179 14
179 25
179 22
179 8
179 3
179 15
179 18
180 12
180 9
180 16
180 13
180 17
180 7
180 17
180 17
180 8
180 25
180 16
181 5
181 4
181 10
181 24
181 15
181 20
181 15
181 20
181 9
181 15
181 9
182 5
182 14
182 17
182 10
182 12
182 18
182 8
182 11
182 6
182 21
183 11
183 12
183 3
183 6
183 17
183 8
183 13
183 1
183 7
183 14
184 6
184 14
184 24
184 11
184 13
184 4
185 2
185 25
185 17
185 1
185 5
185 11
185 3
185 24
185 11
185 2
185 22
185 10
185 6
186 25
186 7
186 18
186 22
186 11
186 6
186 17
186 25
186 4
186 18
186 9
186 18
186 22
186 18
186 21
187 21
187 13
187 2
187 9
187 24
188 20
188 3
188 15
188 19
188 2
188 18
188 6
188 5
188 6
188 3
188 16
188 20
188 1
188 19
189 7
189 5
189 11
189 24
189 14
189 20
189 16
189 22
189 21
190 17
190 3
190 7
190 20
190 1
190 4
190 7
190 17
190 24
190 11
190 14
190 20
190 7
190 13
191 7
191 24
191 20
191 6
191 20
191 2
191 3
191 19
191 1
191 12
192 19
192 15
192 22
192 22
192 4
192 14
192 6
192 7
192 24
192 24
192 13
193 22
193 19
193 18
193 4
193 18
193 8
193 11
193 20
193 14
193 15
193 15
194 9
194 15
194 4
194 8
194 20
194 24
194 16
194 16
195 6
195 6
195 24
195 9
195 22
195 19
195 23
195 2
196 13
196 9
196 7
196 17
196 12
196 9
196 2
196 6
196 19
196 14
196 20
196 17
196 14
197 25
197 8
197 7
197 12
197 3
197 21
197 1
197 17
197 20
197 8
198 13
198 10
198 15
198 24
198 2
198 18
198 4
198 13
198 16
198 21
198 20
198 18
199 21
199 4
199 6
200 18
200 10
200 16
200 13
200 20
200 14
200 5
201 20
201 20
201 11
201 4
201 2
201 21
201 6
201 10
202 12
202 11
202 10
202 20
203 20
203 16
203 14
203 4
203 11
203 20
204 23
204 17
204 24
204 3
204 18
204 21
204 20
204 5
204 20
204 3
204 17
204 4
205 7
205 1
205 22
205 1
205 11
205 22
206 7
206 2
206 19
206 2
206 17
206 9
206 22
206 19
206 20
206 9
206 17
207 8
207 24
207 17
207 24
207 5
207 9
207 10
208 4
208 2
208 12
208 1
209 3
209 4
209 9
209 9
209 22
209 11
209 8
209 15
209 18
209 1
210 20
210 6
210 15
210 20
210 25
210 8
210 4
210 22
210 20
210 7
210 19
211 3
211 9
211 5
211 4
211 17
211 8
211 1
212 24
212 5
212 5
212 24
212 16
212 3
212 9
212 5
212 23
212 8
212 12
212 9
212 9
212 2
212 14
212 25
213 21
213 10
213 1
213 4
213 8
213 2
213 17
213 15
214 22
214 4
214 14
214 13
214 24
214 16
214 8
214 25
214 6
214 12
214 19
214 7
214 22
215 5
215 6
215 1
215 16
215 19
215 4
215 5
216 23
216 18
216 7
216 11
216 25
216 11
216 15
216 14
217 13
217 17
217 2
217 11
217 14
217 17
217 22
217 7
217 10
218 24
218 11
218 24
218 20
218 24
218 25
218 15
218 12
218 9
218 11
218 5
218 7
219 11
219 4
219 19
219 25
219 15
219 10
219 11
219 8
219 12
219 23
219 21
220 9
220 6
220 3
220 3
220 4
220 22
220 16
220 19
220 11
221 13
221 23
221 7
221 9
221 18
221 20
221 21
221 11
222 18
222 11
222 12
222 11
222 22
222 25
222 16
222 17
222 15
222 24
222 6
222 3
222 1
222 6
222 16
223 4
223 10
223 9
223 21
223 21
223 25
223 18
223 21
223 13
223 15
223 14
223 14
223 5
223 12
224 21
224 18
224 23
224 24
224 18
224 8
224 4
224 20
224 12
224 16
224 7
224 1
224 3
224 18
225 2
225 5
225 16
225 15
225 10
225 17
225 19
225 1
225 7
225 9
226 19
226 13
226 20
226 24
226 8
226 6
226 24
226 12
226 10
226 25
226 21
227 5
227 18
227 17
227 17
227 16
227 4
227 18
227 24
227 5
227 23
228 2
228 9
228 18
228 3
228 11
228 13
228 15
228 19
228 15
228 12
229 23
229 13
229 16
229 8
229 13
229 8
229 10
229 16
229 17
229 25
229 1
229 4
230 15
230 25
230 6
230 7
230 13
230 22
230 9
230 23
230 7
230 18
230 4
231 25
231 9
231 19
231 19
231 10
231 4
231 2
231 3
231 19
231 10
231 10
231 2
232 21
232 7
232 16
232 6
232 1
233 14
233 18
233 9
233 7
233 11
233 4
233 6
233 9
233 24
234 5
234 3
234 3
234 8
234 11
234 20
234 9
234 23
234 20
234 25
235 20
235 6
235 4
235 6
235 25
235 21
236 9
236 11
236 18
236 9
236 21
236 8
236 4
236 13
236 17
237 20
237 3
237 24
237 13
237 3
237 20
237 15
237 9
238 21
238 14
238 1
238 19
238 4
238 16
238 21
239 7
239 6
239 24
239 6
239 9
239 3
239 14
239 20
239 1
239 24
239 12
239 3
239 21
239 7
240 11
240 5
240 19
240 8
240 6
240 14
240 1
240 24
240 17
240 3
240 14
240 12
240 2
240 4
241 9
241 15
241 15
241 25
241 9
241 15
241 21
241 15
241 5
242 14
242 7
242 18
242 24
242 1
242 15
242 1
242 12
242 25
243 9
243 23
243 9
243 20
243 17
243 14
243 16
243 11
243 25
243 6
243 19
243 15
244 18
244 13
244 7
244 22
244 1
244 12
244 1
244 15
244 13
244 3
245 22
245 14
245 8
245 25
245 8
245 24
245 23
245 18
245 15
245 8
245 15
245 15
245 15
245 15
245 4
245 13
245 22
245 19
246 12
246 21
246 23
246 5
246 5
246 6
246 14
246 3
246 13
247 17
247 17
247 19
247 6
247 19
247 21
247 18
248 15
248 16
248 12
248 13
248 13
248 17
248 25
248 4
248 6
249 2
249 24
249 14
249 21
250 8
250 8
250 23
250 4
250 21
250 9
